[Statistics]
TotalDownloadedBytes=71032347728921
DownSuccessfulSessions=1020083
DownFailedSessions=1234579
DownAvgTime=66
LostFromCorruption=38455885847
SavedFromCompression=291255252920
PartsSavedByICH=4727
DownData_EDONKEY=0
DownData_EDONKEYHYBRID=0
DownData_EMULE=67736094721131
DownData_MLDONKEY=442830147860
DownData_LMULE=90101752779
DownData_AMULE=2749353418992
DownData_SHAREAZA=13967688159
DownData_URL=0
DownDataPort_4662=5462731584467
DownDataPort_OTHER=65569616144454
DownDataPort_PeerCache=0
DownOverheadTotal=675545966264
DownOverheadFileReq=595079861297
DownOverheadSrcEx=25904490
DownOverheadServer=52193395
DownOverheadKad=73705749270
DownOverheadTotalPackets=18247921034
DownOverheadFileReqPackets=17032492772
DownOverheadSrcExPackets=242375
DownOverheadServerPackets=820759
DownOverheadKadPackets=1124217348
TotalUploadedBytes=2305163963492809
UpSuccessfulSessions=95692112
UpFailedSessions=3378785
UpAvgTime=1
UpData_EDONKEY=0
UpData_EDONKEYHYBRID=53059454507
UpData_EMULE=2012482758819526
UpData_MLDONKEY=11085676161992
UpData_LMULE=30530329438192
UpData_AMULE=246835444993838
UpData_SHAREAZA=4176694624754
UpDataPort_4662=353669404959163
UpDataPort_OTHER=1951494558533646
UpDataPort_PeerCache=0
UpData_File=2299866916441719
UpData_Partfile=5297047051090
UpOverheadTotal=5630072391685
UpOverheadFileReq=5484372983226
UpOverheadSrcEx=57907799
UpOverheadServer=2065757696
UpOverheadKad=137520675323
UpOverheadTotalPackets=227064634091
UpOverheadFileReqPackets=225853227581
UpOverheadSrcExPackets=516063
UpOverheadServerPackets=1235890
UpOverheadKadPackets=1118084711
ConnAvgDownRate=685.342
ConnMaxAvgDownRate=1.79036e+08
ConnMaxDownRate=459473
ConnAvgUpRate=21301.2
ConnMaxAvgUpRate=5.37643e+09
ConnMaxUpRate=113357
ConnRunTime=155303181
ConnNumReconnects=588
ConnPeakConnections=606
ConnTransferTime=154999741
ConnUploadTime=154999555
ConnDownloadTime=67520573
ConnServerDuration=159203171
SrvrsMostWorkingServers=20
SrvrsMostUsersOnline=214217
SrvrsMostFilesAvail=86236159
SharedMostFilesShared=173481
SharedLargestShareSize=69770266533298
SharedLargestFileSize=53456736256
SharedLargestAvgFileSize=13468761277
statsDateTimeLastReset=1588501612
ConnAvgConnections=97
DownCompletedFiles=47308
DownSessionCompletedFiles=195
ConnMaxConnLimitReached=3577
